[[0, 37, 71, 108, 159, 228, 271, 320, 384, 437, 483, 523, 547, 598, 635, 692, 314, 274, 240, 194, 153, 111, 61, 35, 518, 475, 428, 396, 1018, 980, 939, 898, 848, 809, 747, 701, 678, 640, 592, 544, 800, 766, 354], [37, 0, 34, 71, 122, 191, 234, 283, 347, 400, 446, 486, 510, 561, 598, 655, 351, 311, 277, 231, 190, 148, 98, 72, 555, 512, 465, 433, 1055, 1017, 976, 935, 885, 846, 784, 738, 715, 677, 629, 581, 763, 729, 391], [71, 34, 0, 37, 88, 157, 200, 249, 313, 366, 412, 452, 476, 527, 564, 621, 385, 345, 311, 265, 224, 182, 132, 106, 589, 546, 499, 467, 1089, 1051, 1010, 969, 919, 880, 818, 772, 749, 711, 663, 615, 729, 695, 425], [108, 71, 37, 0, 51, 120, 163, 212, 276, 329, 375, 415, 439, 490, 527, 584, 422, 382, 348, 302, 261, 219, 169, 143, 626, 583, 536, 504, 1126, 1088, 1047, 1006, 956, 917, 855, 809, 786, 748, 700, 652, 692, 658, 462], [159, 122, 88, 51, 0, 69, 112, 161, 225, 278, 324, 364, 388, 439, 476, 533, 473, 433, 399, 353, 312, 270, 220, 194, 677, 634, 587, 555, 1177, 1139, 1098, 1057, 1007, 968, 906, 860, 837, 799, 751, 703, 641, 607, 513], [228, 191, 157, 120, 69, 0, 43, 92, 156, 209, 255, 295, 319, 370, 407, 464, 542, 502, 468, 422, 381, 339, 289, 263, 746, 703, 656, 624, 1246, 1208, 1167, 1126, 1076, 1037, 975, 929, 906, 868, 820, 772, 572, 538, 582], [271, 234, 200, 163, 112, 43, 0, 49, 113, 166, 212, 252, 276, 327, 364, 421, 585, 545, 511, 465, 424, 382, 332, 306, 789, 746, 699, 667, 1289, 1251, 1210, 1169, 1119, 1080, 1018, 972, 949, 911, 863, 815, 529, 495, 625], [320, 283, 249, 212, 161, 92, 49, 0, 64, 117, 163, 203, 227, 278, 315, 372, 634, 594, 560, 514, 473, 431, 381, 355, 838, 795, 748, 716, 1338, 1300, 1259, 1218, 1168, 1129, 1067, 1021, 998, 960, 912, 864, 480, 446, 674], [384, 347, 313, 276, 225, 156, 113, 64, 0, 53, 99, 139, 163, 214, 251, 308, 698, 658, 624, 578, 537, 495, 445, 419, 902, 859, 812, 780, 1402, 1364, 1323, 1282, 1232, 1193, 1131, 1085, 1062, 1024, 976, 928, 416, 382, 738], [437, 400, 366, 329, 278, 209, 166, 117, 53, 0, 46, 86, 110, 161, 198, 255, 751, 711, 677, 631, 590, 548, 498, 472, 955, 912, 865, 833, 1455, 1417, 1376, 1335, 1285, 1246, 1184, 1138, 1115, 1077, 1029, 981, 363, 329, 791], [483, 446, 412, 375, 324, 255, 212, 163, 99, 46, 0, 40, 64, 115, 152, 209, 797, 757, 723, 677, 636, 594, 544, 518, 1001, 958, 911, 879, 1501, 1463, 1422, 1381, 1331, 1292, 1230, 1184, 1161, 1123, 1075, 1027, 317, 283, 837], [523, 486, 452, 415, 364, 295, 252, 203, 139, 86, 40, 0, 24, 75, 112, 169, 837, 797, 763, 717, 676, 634, 584, 558, 1041, 998, 951, 919, 1541, 1503, 1462, 1421, 1371, 1332, 1270, 1224, 1201, 1163, 1115, 1067, 277, 243, 877], [547, 510, 476, 439, 388, 319, 276, 227, 163, 110, 64, 24, 0, 51, 88, 145, 861, 821, 787, 741, 700, 658, 608, 582, 1065, 1022, 975, 943, 1565, 1527, 1486, 1445, 1395, 1356, 1294, 1248, 1225, 1187, 1139, 1091, 253, 219, 901], [598, 561, 527, 490, 439, 370, 327, 278, 214, 161, 115, 75, 51, 0, 37, 94, 912, 872, 838, 792, 751, 709, 659, 633, 1116, 1073, 1026, 994, 1616, 1578, 1537, 1496, 1446, 1407, 1345, 1299, 1276, 1238, 1190, 1142, 202, 168, 952], [635, 598, 564, 527, 476, 407, 364, 315, 251, 198, 152, 112, 88, 37, 0, 57, 949, 909, 875, 829, 788, 746, 696, 670, 1153, 1110, 1063, 1031, 1653, 1615, 1574, 1533, 1483, 1444, 1382, 1336, 1313, 1275, 1227, 1179, 165, 131, 989], [692, 655, 621, 584, 533, 464, 421, 372, 308, 255, 209, 169, 145, 94, 57, 0, 1006, 966, 932, 886, 845, 803, 753, 727, 1210, 1167, 1120, 1088, 1710, 1672, 1631, 1590, 1540, 1501, 1439, 1393, 1370, 1332, 1284, 1236, 108, 74, 1046], [314, 351, 385, 422, 473, 542, 585, 634, 698, 751, 797, 837, 861, 912, 949, 1006, 0, 40, 74, 120, 161, 203, 253, 279, 204, 161, 114, 82, 704, 666, 625, 584, 534, 495, 433, 387, 364, 326, 278, 230, 1114, 1080, 40], [274, 311, 345, 382, 433, 502, 545, 594, 658, 711, 757, 797, 821, 872, 909, 966, 40, 0, 34, 80, 121, 163, 213, 239, 244, 201, 154, 122, 744, 706, 665, 624, 574, 535, 473, 427, 404, 366, 318, 270, 1074, 1040, 80], [240, 277, 311, 348, 399, 468, 511, 560, 624, 677, 723, 763, 787, 838, 875, 932, 74, 34, 0, 46, 87, 129, 179, 205, 278, 235, 188, 156, 778, 740, 699, 658, 608, 569, 507, 461, 438, 400, 352, 304, 1040, 1006, 114], [194, 231, 265, 302, 353, 422, 465, 514, 578, 631, 677, 717, 741, 792, 829, 886, 120, 80, 46, 0, 41, 83, 133, 159, 324, 281, 234, 202, 824, 786, 745, 704, 654, 615, 553, 507, 484, 446, 398, 350, 994, 960, 160], [153, 190, 224, 261, 312, 381, 424, 473, 537, 590, 636, 676, 700, 751, 788, 845, 161, 121, 87, 41, 0, 42, 92, 118, 365, 322, 275, 243, 865, 827, 786, 745, 695, 656, 594, 548, 525, 487, 439, 391, 953, 919, 201], [111, 148, 182, 219, 270, 339, 382, 431, 495, 548, 594, 634, 658, 709, 746, 803, 203, 163, 129, 83, 42, 0, 50, 76, 407, 364, 317, 285, 907, 869, 828, 787, 737, 698, 636, 590, 567, 529, 481, 433, 911, 877, 243], [61, 98, 132, 169, 220, 289, 332, 381, 445, 498, 544, 584, 608, 659, 696, 753, 253, 213, 179, 133, 92, 50, 0, 26, 457, 414, 367, 335, 957, 919, 878, 837, 787, 748, 686, 640, 617, 579, 531, 483, 861, 827, 293], [35, 72, 106, 143, 194, 263, 306, 355, 419, 472, 518, 558, 582, 633, 670, 727, 279, 239, 205, 159, 118, 76, 26, 0, 483, 440, 393, 361, 983, 945, 904, 863, 813, 774, 712, 666, 643, 605, 557, 509, 835, 801, 319], [518, 555, 589, 626, 677, 746, 789, 838, 902, 955, 1001, 1041, 1065, 1116, 1153, 1210, 204, 244, 278, 324, 365, 407, 457, 483, 0, 43, 90, 122, 500, 462, 421, 380, 330, 291, 229, 183, 160, 122, 74, 26, 1318, 1284, 164], [475, 512, 546, 583, 634, 703, 746, 795, 859, 912, 958, 998, 1022, 1073, 1110, 1167, 161, 201, 235, 281, 322, 364, 414, 440, 43, 0, 47, 79, 543, 505, 464, 423, 373, 334, 272, 226, 203, 165, 117, 69, 1275, 1241, 121], [428, 465, 499, 536, 587, 656, 699, 748, 812, 865, 911, 951, 975, 1026, 1063, 1120, 114, 154, 188, 234, 275, 317, 367, 393, 90, 47, 0, 32, 590, 552, 511, 470, 420, 381, 319, 273, 250, 212, 164, 116, 1228, 1194, 74], [396, 433, 467, 504, 555, 624, 667, 716, 780, 833, 879, 919, 943, 994, 1031, 1088, 82, 122, 156, 202, 243, 285, 335, 361, 122, 79, 32, 0, 622, 584, 543, 502, 452, 413, 351, 305, 282, 244, 196, 148, 1196, 1162, 42], [1018, 1055, 1089, 1126, 1177, 1246, 1289, 1338, 1402, 1455, 1501, 1541, 1565, 1616, 1653, 1710, 704, 744, 778, 824, 865, 907, 957, 983, 500, 543, 590, 622, 0, 38, 79, 120, 170, 209, 271, 317, 340, 378, 426, 474, 1818, 1784, 664], [980, 1017, 1051, 1088, 1139, 1208, 1251, 1300, 1364, 1417, 1463, 1503, 1527, 1578, 1615, 1672, 666, 706, 740, 786, 827, 869, 919, 945, 462, 505, 552, 584, 38, 0, 41, 82, 132, 171, 233, 279, 302, 340, 388, 436, 1780, 1746, 626], [939, 976, 1010, 1047, 1098, 1167, 1210, 1259, 1323, 1376, 1422, 1462, 1486, 1537, 1574, 1631, 625, 665, 699, 745, 786, 828, 878, 904, 421, 464, 511, 543, 79, 41, 0, 41, 91, 130, 192, 238, 261, 299, 347, 395, 1739, 1705, 585], [898, 935, 969, 1006, 1057, 1126, 1169, 1218, 1282, 1335, 1381, 1421, 1445, 1496, 1533, 1590, 584, 624, 658, 704, 745, 787, 837, 863, 380, 423, 470, 502, 120, 82, 41, 0, 50, 89, 151, 197, 220, 258, 306, 354, 1698, 1664, 544], [848, 885, 919, 956, 1007, 1076, 1119, 1168, 1232, 1285, 1331, 1371, 1395, 1446, 1483, 1540, 534, 574, 608, 654, 695, 737, 787, 813, 330, 373, 420, 452, 170, 132, 91, 50, 0, 39, 101, 147, 170, 208, 256, 304, 1648, 1614, 494], [809, 846, 880, 917, 968, 1037, 1080, 1129, 1193, 1246, 1292, 1332, 1356, 1407, 1444, 1501, 495, 535, 569, 615, 656, 698, 748, 774, 291, 334, 381, 413, 209, 171, 130, 89, 39, 0, 62, 108, 131, 169, 217, 265, 1609, 1575, 455], [747, 784, 818, 855, 906, 975, 1018, 1067, 1131, 1184, 1230, 1270, 1294, 1345, 1382, 1439, 433, 473, 507, 553, 594, 636, 686, 712, 229, 272, 319, 351, 271, 233, 192, 151, 101, 62, 0, 46, 69, 107, 155, 203, 1547, 1513, 393], [701, 738, 772, 809, 860, 929, 972, 1021, 1085, 1138, 1184, 1224, 1248, 1299, 1336, 1393, 387, 427, 461, 507, 548, 590, 640, 666, 183, 226, 273, 305, 317, 279, 238, 197, 147, 108, 46, 0, 23, 61, 109, 157, 1501, 1467, 347], [678, 715, 749, 786, 837, 906, 949, 998, 1062, 1115, 1161, 1201, 1225, 1276, 1313, 1370, 364, 404, 438, 484, 525, 567, 617, 643, 160, 203, 250, 282, 340, 302, 261, 220, 170, 131, 69, 23, 0, 38, 86, 134, 1478, 1444, 324], [640, 677, 711, 748, 799, 868, 911, 960, 1024, 1077, 1123, 1163, 1187, 1238, 1275, 1332, 326, 366, 400, 446, 487, 529, 579, 605, 122, 165, 212, 244, 378, 340, 299, 258, 208, 169, 107, 61, 38, 0, 48, 96, 1440, 1406, 286], [592, 629, 663, 700, 751, 820, 863, 912, 976, 1029, 1075, 1115, 1139, 1190, 1227, 1284, 278, 318, 352, 398, 439, 481, 531, 557, 74, 117, 164, 196, 426, 388, 347, 306, 256, 217, 155, 109, 86, 48, 0, 48, 1392, 1358, 238], [544, 581, 615, 652, 703, 772, 815, 864, 928, 981, 1027, 1067, 1091, 1142, 1179, 1236, 230, 270, 304, 350, 391, 433, 483, 509, 26, 69, 116, 148, 474, 436, 395, 354, 304, 265, 203, 157, 134, 96, 48, 0, 1344, 1310, 190], [800, 763, 729, 692, 641, 572, 529, 480, 416, 363, 317, 277, 253, 202, 165, 108, 1114, 1074, 1040, 994, 953, 911, 861, 835, 1318, 1275, 1228, 1196, 1818, 1780, 1739, 1698, 1648, 1609, 1547, 1501, 1478, 1440, 1392, 1344, 0, 34, 1154], [766, 729, 695, 658, 607, 538, 495, 446, 382, 329, 283, 243, 219, 168, 131, 74, 1080, 1040, 1006, 960, 919, 877, 827, 801, 1284, 1241, 1194, 1162, 1784, 1746, 1705, 1664, 1614, 1575, 1513, 1467, 1444, 1406, 1358, 1310, 34, 0, 1120], [354, 391, 425, 462, 513, 582, 625, 674, 738, 791, 837, 877, 901, 952, 989, 1046, 40, 80, 114, 160, 201, 243, 293, 319, 164, 121, 74, 42, 664, 626, 585, 544, 494, 455, 393, 347, 324, 286, 238, 190, 1154, 1120, 0]]